year,n,deaths,cencoring
0~1,2418,456,0
1~2,1962,226,39
2~3,1697,152,22
3~4,1523,171,23
4~5,1329,135,24
5~6,1170,125,107
6~7,938,83,133
7~8,722,74,102
8~9,546,51,68
9~10,427,42,64
